3440
3879
4480
4400
3919
4160
3720
3320
2560
1520
600
440
760
560
600
240
0
399
1360
1360
1760
2080
3280
2720
3000
4040
3480
3920
3280
4160
4240
3320
2680
2199
1680
1240
480
440
0
480
200
280
1320
1880
1880
2040
2520
2920
3120
3239
4320
4040
3040
3960
4120
2960
2280
2280
1160
199
560
400
240
680
880
359
1120
1080
1839
2439
3159
2960
3400
3840
3960
4480
3560
3720
3200
3640
2480
2199
760
480
280
760
0
40
400
919
960
720
2360
2479
2960
3240
3560
3480
4360
4560
3600
3560
3640
3960
2879
2320
1200
240
1040
280
560
640
0
960
1520
760
1920
2919
2360
3520
3320
3600
4240
3680
4080
3600
3920
3040
2560
1760
1600
800
640
0
0
0
480
1079
1640
1280
2440
2600
2280
3520
3040
4400
3400
4120
4120
3360
3480
3200
2440
2399
840
1160
1000
640
0
0
1000
1280
1040
1040
1359
2560
2720
2760
3480
3399
4360
3560
3679
4200
3200
3680
2879
2480
880
800
840
240
360
719
39
840
1440
760
1640
2760
3360
2640
3520
3760
3720
3720
3120
4000
3800
3200
3240
1639
1040
680
880
120
720
0
0
1280
1200
1440
1680
2840
2879
2600
3480
3360
3400
4320
3800
4320
3960
3040
2360
1479
720
1319
520
440
40
0
320
719
760
1800
1920
1919
2520
2800
